Harmonics=4

Amplitude(0)=3.40480

Amplitude(1)=1.68500
Offset(1)=319.23
Speed(1)=28.984104

Amplitude(2)=0.60460
Offset(2)=206.87
Speed(2)=30.000000

Amplitude(3)=0.31850
Offset(3)=408.04
Speed(3)=28.439730

Amplitude(4)=0.17370
Offset(4)=411.51
Speed(4)=30.082137